4294967278,30
4294967278,29
4294967278,28
4294967278,27
4294967278,26
4294967278,25
4294967278,24
4294967278,23
4294967278,22
4294967278,21
4294967278,20
4294967278,19
4294967278,18
4294967278,17
4294967278,16
4294967278,15
4294967278,14
4294967278,13
4294967278,12
4294967278,11
4294967278,10
4294967278,9
4294967278,8
4294967278,7
4294967278,6
4294967278,5
4294967278,4
4294967279,132
4294967279,131
4294967279,130
4294967279,129
4294967279,128
4294967279,127
4294967279,126
4294967279,125
4294967279,124
4294967279,123
4294967279,122
4294967279,121
4294967279,120
4294967294,11
4294967278,127
4294967278,119
4294967278,117
4294967278,116
4294967278,115
4294967278,114
4294967278,111
4294967278,110
4294967278,109
4294967278,108
4294967278,106
4294967278,105
4294967278,103
4294967278,102
4294967278,101
4294967278,99
4294967278,98
4294967278,97
4294967278,96
4294967278,95
4294967278,94
4294967278,93
4294967278,89
4294967278,87
4294967278,86
4294967278,85
4294967278,84
4294967278,83
4294967278,81
4294967278,80
4294967278,79
4294967278,78
4294967278,77
4294967278,76
4294967278,75
4294967278,74
4294967278,73
4294967278,72
4294967278,71
4294967278,70
4294967278,69
4294967278,68
4294967278,67
4294967278,66
4294967278,65
4294967278,64
4294967278,63
4294967278,62
4294967278,61
4294967278,60
4294967278,59
4294967278,58
4294967278,57
4294967278,56
4294967278,55
4294967278,54
4294967278,53
4294967278,52
4294967278,51
4294967278,50
4294967278,49
4294967278,48
4294967278,47
4294967278,46
4294967278,45
4294967278,44
4294967278,43
4294967278,42
4294967278,41
4294967278,40
4294967278,39
4294967278,38
4294967278,37
4294967278,36
4294967278,35
4294967278,34
4294967278,33
4294967278,32
4294967278,31
4294967278,282
4294967279,134
4294967279,21
4294967279,20
4294967279,19
4294967279,17
4294967279,15
4294967279,14
4294967279,13
4294967279,12
4294967279,11
4294967279,278
4294967279,10
4294967279,9
4294967279,6
4294967279,5
4294967278,521
4294967279,329
4294967294,22
4294967278,520
4294967279,18
4294967279,328
4294967278,519
4294967279,136
4294967279,273
4294967279,280
19,6
19,5
19,4
19,3
4294967294,426
19,2
19,1
4294967294,907
4294967294,441
4294967279,327
4294967279,260
4294967279,0
4294967279,8
4294967294,81
4294967294,954
4294967294,388
4294967294,9
4294967279,16
4294967279,279
4294967294,36
4294967294,39
4294967278,518
4294967294,37
4294967294,42
4294967294,40
4294967294,45
4294967279,326
4294967279,266
4294967279,265
4294967279,263
4294967279,262
4294967279,261
4294967294,414
4294967294,52
4294967279,7
4294967279,259
4294967278,517
4294967279,258
4294967294,76
4294967279,4
4294967279,275
4294967294,82
4294967294,85
4294967294,84
4294967278,516
4294967278,132
4294967279,325
4294967294,92
4294967294,91
4294967294,88
4294967294,87
4294967278,515
4294967278,514
4294967278,131
4294967279,324
4294967278,513
4294967278,130
4294967279,323
4294967278,512
4294967278,129
4294967279,322
4294967278,319
4294967278,128
4294967279,321
4294967279,320
4294967278,318
4294967278,126
4294967278,254
4294967279,319
17,6
4294967278,317
4294967278,125
17,5
17,4
4294967278,316
4294967278,124
17,3
17,2
17,1
4294967278,315
4294967278,123
4294967279,318
4294967278,122
4294967278,252
4294967279,317
4294967278,121
4294967278,251
4294967279,316
4294967278,120
4294967278,249
4294967278,246
4294967294,953
4294967278,118
4294967278,244
4294967278,245
4294967278,242
4294967278,240
4294967278,236
4294967278,238
4294967278,237
4294967278,314
4294967278,260
4294967278,113
4294967278,112
4294967278,234
4294967278,235
4294967278,232
4294967278,107
4294967278,228
4294967278,226
4294967278,225
4294967278,224
4294967294,68
4294967278,104
4294967294,972
4294967278,222
4294967278,220
4294967278,219
4294967278,218
4294967294,7
4294967278,216
4294967294,6
13,6
4294967278,214
13,5
4294967279,315
13,4
4294967278,213
4294967294,8
13,3
13,2
13,1
4294967278,313
4294967278,100
0,7
4294967278,212
4294967294,430
4294967278,211
4294967294,120
4294967294,390
4294967279,314
4294967278,208
